8886
8887
8888
8889
8890
8892
8893
8894
8895
8896
8897
8898
8899
8900
8901
8902
8903
8904
8905
8906
8907
8908
8909
8911_202312021702
8911_202312021704
8911_202312021708
8912
8913
8914
8915
8916
8917
8918
8919_202312021734
8920
8921
8922
8923
8924_202312021732
8925_202312021729
8926
8927
8928
8929_202312021737
8930_202312021740
8931_202312021742
8932_202312021744
8933_202312021747
8934
8935
8936
8937
8938
8939
8940
8941
8942
8943
8944
8945
8946
8947_202312021726
8949_202312021724
8950_202312021718
9243
9244
9245
9246
9247
9248
9249
9250
9251
9252
9253
9254
9255
9256
9257
9258
9259
9260
9261
9262
9263
9264
9265
9266
9267
9268
9269
9270
9271
9272
9273
9274
9275
9276
9277
9278
9279
9280
9281
9282
9283
9284
9285
9286
9288
9289
9290
9291
9292
9293
9294
9295
9296
9297
9298
9299
9300
9301
9302
9303
9472_202311251714
9603_202311251101
9842
9942_202311251645
